1001153553
1001512909
1002355194
1002986514
1003792498
1004227662
1004816017
1005098334
1006503995
1007120869
1008559899
1008782162
1010174792
1011682252
1012298403
1012313331
1012368051
1012867463
1013687755
1014227673
1014277964
1014879101
1014920360
1015019883
1015225810
1015364140
1015944446
1016323413
1016865354
1017225151
1017311661
1017642310
1018564746
1019060468
1019160422
1019161597
1019447011
1020114152
1021136106
1021337475
1021845881
1022258543
1022727104
1023598907
1023681711
1024379353
1025322450
1026689855
1027230451
1027688889
1028804695
1028838096
1028921479
1028950091
1030548464
1030577228
1031136445
1031178502
1031897589
1033387365
1033873301
1035219553
1035219562
1035220162
1035512424
1036661603
1036800505
1037223422
1037942219
1037959338
1039012834
1039643846
1039727169
1039750208
1040083067
1041692876
1041808803
1041873285
1042273323
1042545880
1042975039
1044283059
1044535426
1044677336
1044867788
1045360510
1046846443
1047961826
1047993236
1048026594
1048330766
1048355267
1048851736
1049667546
1050535507
1052996323
1053012308
1054598922
1056015676
1057105594
1057446665
1057842207
1057884141
1058504558
1059274584
1059331825
1059716058
1059718989
1059911569
1060062637
1060506717
1060599603
1060970027
1061051095
1061456327
1062002361
1062210639
1062524230
1062546241
1064093693
1064372633
1065127755
1065178761
1065405605
1065453861
1065633819
1066084732
1066135421
1066697625
1066751995
1067198688
1067205290
1067723004
1068435609
1069319757
1070689426
1071801856
1071919878
1071976327
1072018494
1072126000
1072276976
1072395467
1072670055
1072737282
1073500846
1073506457
1073826118
1073835795
1075853189
1076496388
1076496434
1076877374
1076925397
1077639630
1077644533
1080076920
1080114119
1081245302
1081300555
1084324664
1084860489
1084930849
1085015611
1085016815
1085497387
1085932141
1086047750
1086452026
1086617993
1086842482
1086981081
1087897068
1088150831
1088179585
1088737488
1088753863
1089038738
1089336971
1090460956
1090813843
1090826825
1091305829
1092961510
1093063463
1093353598
1093693053
1094138419
1095086466
1096461203
1096562466
1096875968
1096972183
1096974019
1097011778
1097465856
1097492828
1097719412
1097737913
1098075090
1098102973
1099088440
1099554407
1100139790
1101099907
1101582722
1101716814
1102002812
1102305688
1102345070
1102750714
1103616978
1103629865
1104208930
1104840500
1104855278
1105306070
1105377360
1105390093
1105845815
1105855019
1106329353
1106936921
1107157205
1107320261
1107547566
1108266762
1108385587
1108397779
1108802570
1108983609
1109966076
1110068062
1110247850
1110376793
1110639444
1110640634
1110646984
1111109828
1111158993
1111159165
1111160472
1111887398
1112060888
1112094262
1112430679
1112850631
1112963359
1113268900
1114028201
1114127463
1114496665
1114686600
1114690993
1114728579
1114921009
1115036996
1115577916
1115609641
1115984973
1116025351
1116320580
1116874634
1116912849
1116937590
1117215687
1117273600
1117804004
1117818466
1118441024
1118513354
1118865884
1118866710
1119082248
1119092550
1119408948
1119482395
1120182199
1120536875
1120924048
1121119009
1121494585
1121659254
1121782467
1121886234
1121963448
1123391875
1123406342
1123509066
1123626556
1123931187
1124264895
1124266764
1124330768
1124748734
1124781538
1125069931
1125323899
1125534178
1125855154
1126212440
1126393139
1126403961
1126714346
1127233571
1127373466
1127635695
1127729015
1128289794
1128309753
1128327441
1128686625
1128757676
1129648611
1129661415
1129717198
1130157478
1130267367
1130901077
1130963673
1131524443
1132257692
1132539229
1132786060
1133180581
1133395832
1133544923
1133670954
1134496215
1134805859
1135417127
1135675194
1135932398
1136162937
1136293260
1137523123
1137538198
1137913384
1138248035
1138716458
1139007807
1139101653
1139102203
1139146358
1139192343
1139603153
1139628802
1140718745
1141343378
1141780152
1141795249
1141805804
1142016085
1142110895
1142111757
1142459131
1142486193
1142493772
1142910917
1143402987
1144762402
1144767193
1144775402
1145298708
1145736195
1145738671
1145762195
1146099285
1146138135
1146165759
1146355499
1146395500
1146680524
1146945768
1147115385
1147166510
1147297267
1147925361
1148006948
1148014076
1148026741
1148850242
1149178640
1149235813
1150430530
1150747432
1151287237
1152058089
1152304267
1152396902
1153393176
1153460538
1153461915
1153478380
1153527934
1154017641
1155409008
1155879695
1156084215
1156114278
1156439976
1156452083
1156715399
1156758845
1156784733
1156787368
1157253763
1157256587
1157376100
1157831003
1157884187
1158560788
1158749156
1159233677
1159266744
1159642427
1159700098
1159725945
1160053777
1160119462
1160136369
1160145882
1161210583
1161314778
1163105252
1163484057
1163515895
1163571135
1163578189
1163603649
1164412054
1164761467
1164771894
1164801111
1165109912
1165227346
1165312207
1166090711
1166398861
1166503083
1166786765
1166789426
1166858886
1167359311
1167495130
1168543654
1168657796
1169280374
1169325395
1169787242
1169949642
1170088301
1170347470
1170455562
1170457573
1170851181
1171015241
1171095810
1172117706
1172175191
1172179917
1172199426
1172297815
1173412177
1173808033
1174694004
1175213887
1175985654
1175991050
1176426921
1176483764
1176855613
1176856920
1176857712
1177276416
1177280929
1177287642
1177335746
1177363961
1177372228
1177826499
1177887157
1177889195
1177953618
1178319173
1178455145
1178857170
1178912047
1179626509
1179668625
1179678479
1179688896
1179906486
1180047656
1180462385
1180501338
1180568370
1180843459
1180884341
1181296480
1181365472
1182222047
1182264538
1182282177
1182288531
1182683213
1182854348
1182887929
1182932633
1183158386
1183311998
1183621583
1183685982
1183698942
1183708679
1183729348
1184109308
1184159988
1184187247
1184261617
1184725649
1184857024
1185178654
1185736959
1185776564
1185780563
1185839345
1186124689
1186166374
1186298215
1186543712
1186647303
1186994231
1187127149
1187153571
1187695181
1187813723
1187816098
1187834455
1187835725
1187921074
1188222587
1188238174
1188427550
1188558835
1188567001
1188586091
1188620229
1188631522
1188651309
1188910359
1188962764
1189020279
1189702803
1189917036
1190029797
1190037324
1190079878
1190176119
1190221791
1190232914
1190249883
1190252071
1190310979
1190444766
1190447767
1190509527
1190748920
1190810262
1190940492
1191144171
1191337894
1191407936
1191410800
1191489987
1191682577
1192222369
1192489542
1192592440
1192645659
1192670763
1192675564
1193109717
1193522286
1193534478
1193760955
1193839902
1193850528
1193855585
1193865056
1193934193
1194000869
1194084699
1194416401
1194560756
1194913810
1194950188
1195035357
1195285620
1195286248
1195380367
1195495156
1195601802
1195800282
1195816621
1195834891
1195841989
1196173998
1196207025
1196561465
1196612604
1196657863
1196953001
1197127788
1197185479
1197209563
1197275827
1197552569
1197960970
1198101694
1198119490
1198426771
1198458341
1198584568
1198839879
1198898632
1198958086
1200776320
1200864554
1201281771
1201521094
1202524133
1202533613
1202847101
1203201644
1203559978
1203630293
1203701102
1204182531
1204224363
1204743051
1205347634
1205384726
1205391576
1205436937
1205486761
1205528388
1205789239
1205862055
1205866670
1205897892
1206245213
1206264374
1206685943
1206688676
1206730845
1207141525
1207144323
1207176815
1207193412
1207204651
1207220853
1207472130
1207506287
1207520003
1207547749
1207640832
1207698958
1207735880
1207763542
1207999885
1208145167
1208253299
1208404299
1208410095
1208443058
1208561922
1208902166
1209327939
1209369676
1209393887
1209403763
1209418181
1209890269
1209926226
1209947515
1209986023
1210008447
1210083042
1210240497
1210246117
1210251521
1210251567
1210253794
1210550387
1210569635
1210615905
1210665287
1210667333
1210797039
1211160027
1211585045
1211588855
1211611253
1211612038
1211642013
1211927474
1211983068
1212186578
1212215243
1212220023
1212229315
1212231146
1212234893
1212248767
1212273543
1212300843
1212744897
1212749995
1212775870
1212780112
1212791324
1213215649
1213224265
1213229995
1213234521
1213235137
1213244333
1213259360
1213283429
1213289351
1213321956
1213324816
1213350054
1213676617
1213684364
1213715784
1213721154
1213745247
1213758935
1213768390
1213905094
1213940500
1214145429
1214154771
1214155061
1214161565
1214222862
1214227375
1214244590
1214244618
1214331863
1214443483
1214483956
1214673094
1214684412
1214708083
1214758647
1214759677
1214783879
1214788539
1214793810
1214801903
1214804353
1214807972
1215014040
1215124433
1215158707
1215208505
1215210588
1215212971
1215235646
1215287236
1215302198
1215309939
1215499600
1215552705
1215559385
1215559806
1215593190
1215638640
1215660190
1216029176
1216065023
1216078405
1216096533
1216121563
1216151328
1216162143
1216164129
1216521600
1216528613
1216546664
1216573210
1216592786
1216595682
1216737465
1216969875
1216990950
1216991704
1217146987
1217335779
1217344857
1217353312
1217363996
1217377465
1217680316
1217693402
1217704029
1217712557
1217719441
1217720946
1217723468
1217738092
1217804165
1218046599
1218094824
1218104875
1218206521
1218245234
1218620281
1218620702
1218624480
1218640422
1218660187
1218668145
1218737994
1218897494
1218899717
1219137338
1219174413
1219184849
1219221915
1219599577
1219605802
1219625108
1219797995
1219838267
1219847172
1219871807
1219885207
1219907465
1219932345
1219932433
1219972296
1220261835
1220289019
1220319894
1220322901
1220331397
1220338054
1220345099
1220345311
1220381354
1220412126
1220466655
1220678416
1220681063
1220686889
1220693856
1220721856
1220746134
1220748906
1220797690
1220799164
1220839327
1220932584
1220936997
1221182426
1221201610
1221250665
1221304427
1221309132
1221327212
1221367349
1221767038
1221778408
1221778607
1221809618
1221822054
1221827633
1221839990
1221849151
1221866355
1221870583
1221877325
1222227539
1222243592
1222273161
1222308660
1222364757
1222615180
1222834279
1222844068
1222848082
1222849872
1223245830
1223293834
1223323430
1223348428
1223369951
1223375551
1223395770
1223414082
1223487298
1223493862
1223501436
1223532940
1223849731
1223863699
1223876260
1223881853
1223884531
1223890905
1223914956
1223919896
1223927204
1223934685
1223946211
1223968820
1223974278
1224018227
1224024776
1224067836
1224451743
1224452390
1224486188
1224490242
1224506522
1224535626
1224539256
1224541211
1224542871
1224573099
1224581974
1224850391
1224876492
1224878169
1224888764
1225015784
1225084205
1225086992
1225097365
1225102481
1225103561
1225104310
1225110882
1225111347
1225112540
1225121545
1225122707
1225133516
1225149730
1225150933
1225155342
1225457531
1225478543
1225493712
1225502298
1225504313
1225520030
1225525225
1225525261
1225531847
1225549100
1225804194
1225804815
1225809451
1225821834
1225823896
1225827562
1225831705
1225857625
1225859871
1225863092
1225891747
1225897160
1225926448
1225955264
1225966701
1225994089
1226296710
1226298789
1226316190
1226340065
1226362119
1226368892
1226369281
1226373206
1226378502
1226405725
1226439841
1226452326
1226476251
1226797791
1226833067
1226836879
1226836975
1226853416
1226856897
1226859494
1226902833
1226905722
1226910263
1226923000
1226925116
1226927952
1226942477
1226964277
1226998347
1227160509
1227185214
1227206391
1227210957
1227280007
1227296496
1227327547
1227344719
1227366315
1227368230
1227369440
1227379171
1227380254
1227383285
1227389082
1227389158
1227396665
1227411371
1227412933
1227413760
1227418944
1227431948
1227572340
1227575158
1227576055
1227583177
1227598916
1227600012
1227600052
1227612272
1227631316
1227642430
1227644544
1227661786
1227663825
1227680909
1227693934
1227735487
1227739887
1227743475
1227761527
1227997891
1228002671
1228037322
1228037698
1228038936
1228047434
1228048816
1228061175
1228070648
1228075186
1228109082
1228133586
1228478098
1228489834
1228490610
1228490849
1228495679
1228502347
1228503902
1228509449
1228518361
1228523299
1228534078
1228552118
1228605028
1228669679
1228964623
1228969567
1229021699
1229030109
1229039813
1229039990
1229048336
1229095585
1229108635
1229126747
1229332129
1229350745
1229361885
1229395073
1229458854
1229489918
1229534983
1229545438
1229560692
1229560873
1229561618
1229569225
1229569743
1229574084
1229574857
1229577904
1229585922
1229587477
1229617714
1229618301
1229675619
1229949018
1229949706
1229966382
1229967937
1229970559
1229974575
1229979543
1230018419
1230021522
1230031605
1230045770
1230060392
1230063850
1230288738
1230289760
1230300218
1230324759
1230325782
1230325945
1230325973
1230330555
1230331018
1230345248
1230349621
1230352705
1230377986
1230379118
1230395752
1230395778
1230397335
1230401663
1230403129
1230673116
1230792580
1230793680
1230806262
1230822904
1230856462
1230906590
1230908670
1230910891
1230915062
1230933630
1230970371
1230976985
1230996183
1231000434
1231313251
1231316405
1231320775
1231323724
1231326313
1231327154
1231330422
1231341910
1231342336
1231346192
1231348776
1231353065
1231361880
1231407548
1231408909
1231413468
1231634915
1231762697
1231803271
1231825829
1231840596
1231969370
1232021752
1232098277
1232103671
1232106274
1232107823
1232111297
1232114367
1232130654
1232132926
1232137966
1232137989
1232146786
1232150688
1232156535
1232167051
1232186902
1232193716
1232218512
1232226414
1232484795
1232487067
1232492399
1232499426
1232504183
1232504964
1232505615
1232517551
1232528487
1232529182
1232538418
1232538917
1232542330
1232721588
1232983980
1232998609
1233010196
1233056141
1233059531
1233068376
1233119029
1233163087
1233199042
1233539865
1233556133
1233579801
1233586742
1233595602
1233597954
1233600112
1233606812
1233623408
1233655403
1233739175
1233980433
1233981779
1234076317
1234084354
1234087670
1234094034
1234125515
1234125747
1234127644
1234139967
1234178850
1234180744
1234194995
1234198430
1234219408
1234382160
1234435392
1234437699
1234442384
1234482319
1234485228
1234491507
1234495816
1234505157
1234512033
1234513926
1234514016
1234516381
1234518307
1234544873
1234616160
1234826721
1234834071
1234843069
1234845186
1234850957
1234855083
1234904818
1234905400
1234905860
1234905933
1234918962
1234934150
1234946373
1234953827
1234965356
1234967847
1234968655
1234979199
1235171190
1235362550
1235370090
1235371826
1235371841
1235381708
1235383607
1235423230
1235446442
1235448472
1235485463
1235488864
1235531209
1235551621
1235661162
1235732837
1235920003
1236019281
1236022547
1236032668
1236039471
1236089425
1236117487
1236158452
1236377942
1236410155
1236423507
1236442489
1236463633
1236515266
1236610503
1236619503
1236636914
1236641517
1236652634
1236717369
1236726978
1236729708
1236750539
1236753543
1236776597
1237020812
1237046531
1237050363
1237065299
1237065530
1237077471
1237441531
1237448295
1237450453
1237485654
1237492425
1237505403
1237506783
1237526610
1237527695
1237539288
1237542370
1237542517
1237549804
1237568742
1237569646
1237577077
1237581900
1237605119
1237692856
1237974255
1237974769
1237987793
1238040574
1238046160
1238061285
1238066046
1238069683
1238084254
1238089056
1238090348
1238096008
1238099315
1238122300
1238152271
1238213514
1238293204
1238551108
1238554516
1238558162
1238592436
1238601101
1238615361
1238624138
1238625328
1238635706
1238636060
1238642933
1238648573
1238650205
1238758652
1238778050
1238977206
1238981250
1238991865
1239001968
1239018074
1239021279
1239033993
1239285882
1239297557
1239297660
1239299508
1239302633
1239308287
1239350281
1239365055
1239652879
1239656230
1239659266
1239681163
1239681179
1239682357
1239682367
1239684829
1239685262
1239698968
1239709486
1239712226
1239717818
1239765250
1239814883
1239860606
1240031154
1240043544
1240061701
1240062747
1240084273
1240094739
1240099260
1240100732
1240104256
1240112805
1240149458
1240154540
1240162669
1240176915
1240214573
1240629765
1240640680
1240647251
1240674439
1240696907
1240763308
1240771923
1240776724
1240797829
1241086435
1241150154
1241216073
1241229258
1241239018
1241255271
1241281374
1241571436
1241589924
1241604267
1241604616
1241606440
1241606704
1241608537
1241608803
1241622513
1241643350
1241651554
1242654932
1242731246
1242786249
1242797327
1242801156
1242805961
1242864443
1242953233
1243274511
1243296949
1243319783
1243325621
1243372135
1243387739
1243391332
1243398018
1243402728
1243419574
1243456586
1243904680
1243935770
1243982175
1243983749
1243985655
1243989352
1244001245
1244018984
1244047582
1244210673
1244403453
1244496979
1244625112
1244650327
1244658554
1244669793
1244978586
1245006278
1245008640
1245040991
1245041954
1245050474
1245058248
1245095762
1245099359
1245141618
1245300745
1245489865
1245525882
1246053120
1246070759
1246072359
1246107817
1246109441
1246113760
1246163557
1246175190
1246643586
1246643918
1246652332
1246688126
1246882838
1247060275
1247345854
1247738941
1247781250
1247785473
1247789407
1247812641
1247817658
1247820473
1247864554
1247866823
1248671863
1248721248
1248730748
1248745225
1248779351
1249186781
1249193823
1249264191
1249360585
1249610247
1249899063
1249901692
1249942938
1249953763
1249957679
1249972732
1250336665
1250355377
1250357138
1250377503
1250455908
1250659883
1250744363
1250750126
1250796222
1250805789
1250814433
1250837750
1251262578
1251311918
1251329306
1251344465
1251375341
1251814500
1251844524
1251869946
1252366919
1252924468
1252927056
1252957350
1253278466
1253296731
1253300922
1253315391
1253822400
1253832181
1253852273
1254318508
1254354479
1254390074
1254762358
1254767230
1255194982
1255735174
1255739293
1255794427
1255835851
1256363271
1256367450
1257330370
1257401051
1257643156
1257648229
1257656101
1257664073
1258479625
1258488794
1259735067
1259780818
1260520961
1260521021
1261763408
1261764027
1261771250
1261944766
1263018325
1263019321
1263132082
1265447105
299853944
307727765
320479357
329670577
331259725
333206289
333903271
334989259
336141475
337876534
342115564
342576766
344077847
344784375
350962117
351091731
353115739
357404131
360593530
362949845
364183992
366945664
370139302
372353614
373311252
373454750
378782714
379395415
382201985
385285922
385919493
387109554
387682726
388089858
388624839
388627783
388932995
389481236
389801252
391965015
392899425
393670998
393765873
394075284
395096736
395133418
395627741
395680819
395898626
396085661
398453262
399363156
399608199
401626263
405882753
406596432
407413403
407925512
409563112
410319945
413993350
414245413
414478124
414603431
415443644
415606289
416048305
416457422
417200582
419261235
423084029
423514795
424598114
425349261
425996445
426340811
427941017
432274380
432845137
433602054
434209233
435057236
438426078
439438619
439495358
439638720
440627955
440948110
441216572
443926246
444934666
445375097
445573854
446324234
447313708
448165862
449735650
452176796
452186370
453480684
453691481
456976375
457517348
458318329
458535809
458587755
459007515
459189186
460979760
461703208
462125072
463150061
467067151
469338840
471341991
472208016
472885640
473225145
475666808
475966832
477927812
478834039
479516143
480079300
481587094
481623196
483330461
484780085
485246824
486744917
487608658
488033535
491899548
492598483
493466318
493489515
493901993
494533928
500975133
502804922
503092422
504274740
506271165
506583396
506685538
507097717
507161324
507937883
509885060
510909506
511807447
512166629
513829338
513836029
515199321
515651240
516378985
517166184
517588534
518611020
518966501
519952689
520356600
521634552
523063187
525635672
525818839
527572895
529092160
529479190
530425820
531268895
534174796
535176909
539499112
544007664
544635127
545623778
547166701
548580856
548608066
549421060
550067264
554145871
554499054
554855652
555610791
557545298
559977766
560104652
564713751
564765093
564818797
566752651
566813949
569387346
570608623
573116090
575846819
576337924
576588894
576718804
581048079
582528844
583700738
586871187
587176822
587238847
588013838
588287777
588673713
590338362
591584458
591591931
592331499
593369632
594117733
595594905
596402997
597364850
597795676
598127498
598581396
599852710
600273928
606310581
608899141
609377731
609405853
610391947
620262310
624538208
625077646
625334537
629774477
634467171
634896669
638689075
639388447
639516529
643779845
644873678
645794505
645797558
647500047
647775508
650415564
651323845
651978174
653350791
653384976
654897098
656176278
657222343
657500465
660687537
660982355
666202151
667831823
668317926
668533031
668876977
670910957
672150402
673128426
680436745
680465449
680514349
682046579
685890408
687617647
687888390
689180123
689856926
693045097
697927927
700637744
701598884
710380093
714796093
714802729
717545062
718659370
721033608
722217471
724295527
725879978
727466621
728200220
728293409
730254562
730712409
731871690
733689509
735918392
736536022
737310995
737651307
737792982
741292507
745097904
747276899
754105884
755018884
756182884
763692274
764925064
766695512
768160271
771068869
773364919
774384491
775888026
778658393
779561331
780458840
781137889
786857884
787786130
789680891
791111694
791341471
791532221
792562062
792638268
793077082
793626080
796332505
796339836
796870199
799471892
802869990
803781859
806077016
807317212
815218412
820140906
824024159
824104400
830544402
834248867
835599320
835887015
837545884
837860959
838804006
841140063
842617644
847334708
847347016
849145835
852912420
853008299
853706620
859938926
860384719
861891048
863882795
863998476
864602994
866010955
866450515
867465887
867917045
870948165
871095743
871197819
872341407
873579159
874173594
875242534
876336838
880971164
881404173
881935685
882741121
883168310
883179733
883393043
884007229
885697368
885737901
885823239
886059850
886564208
886565180
887171753
887649233
887878083
891186836
891194610
891582840
891596226
892279069
892311054
894974941
895670960
895682747
895745892
896112560
896949185
897003024
897447840
898533490
898701997
899003026
900468983
900833042
901738789
901858272
904071710
904237743
904278510
904737816
905337691
906936224
906995758
907759227
907828692
909194573
909211092
910061315
910119464
910395494
910513149
911663964
911686788
911699257
912139104
913503440
914010389
915700151
916130071
916139408
916957220
917236063
917670924
918054748
919503025
919854496
920371894
920778342
921852522
922449237
923760656
923920872
926076608
927350422
928419096
929939829
930026670
930350602
930368978
930764645
932236332
932346202
932389062
932747118
933128780
933189224
933462805
933464392
934854600
935095138
935528099
935623257
936718677
938020489
938095483
938550956
938688461
939354944
940006911
940018751
940050911
940547441
941057494
942443472
944574195
945274928
945991259
946380901
946477821
947775284
948857526
949785353
949838009
950812012
951177560
951557681
951610982
952059546
952670623
952694580
952710115
952950430
953424408
954724812
954995415
955253735
955290679
955298998
955359797
955396648
955398364
956794130
957302048
958022253
958507857
958604518
959452391
961328776
961932335
962287054
962713931
963034692
963152777
963432902
965749240
965789238
966057213
966078986
967148656
967741086
968390718
971233157
971304016
972319818
972557467
972657175
973337925
973366293
973366839
974599171
974920073
975447563
975976893
976114244
977271337
977949232
977975413
978603244
978646727
978697315
978985106
979092836
979469730
980286865
981031050
981372916
981791837
981800298
981903698
982175678
982227026
982354972
982457990
982819497
982819721
983122251
983488107
985497767
985919623
985945557
986008476
986217056
987330925
987570993
987802570
988396858
989080154
989584942
989673964
990556801
990583137
990928352
991670443
991721055
992038954
992047786
992352200
992762497
994858828
995122577
995154169
995564289
996382259
996400287
996509117
996785884
996866372
997586276
997636530
998174655
998790080
999085550
999195395
